702150
466033
137986
43527
688765
153593
139735
181636
410142
391299
199321
63362
255577
471440
144559
236963
89626
200940
568476
58222
265336
599861
600068
501717
369579
135932
185630
671462
551323
105817
369085
542729
262902
507072
277308
642719
351717
417043
122206
452911
106192
12579
516273
52821
484019
351884
682987
264698
552824
240365
322920
509213
138076
614041
308780
507656
47823
185462
168020
599146
684481
537105
439725
245234
342027
408086
579005
384796
122979
392263
135557
622374
95895
342882
675195
579914
694767
347084
535664
236493
587450
549637
436758
23376
461528
43388
222084
200403
228851
390104
97399
211182
225060
228176
147468
258139
636262
417526
642936
450294
107639
469545
61570
203534
110278
427817
474501
496097
72752
701217
423642
660202
239756
158251
374630
392336
594841
596715
592739
514744
284669
381190
416979
200781
609367
564447
458921
234531
673025
90759
375877
471717
251356
437447
366303
52686
163115
531856
548783
629069
530924
663478
587121
461732
119579
652803
151919
12270
547368
42508
527015
523090
423699
635046
414923
21968
188395
564896
649701
159271
655655
323429
630988
598064
451928
295141
650750
615043
518050
497384
233014
346824
149764
511187
106406
269343
461841
651527
674815
307059
694036
190732
521201
106637
123628
233975
521807
312024
96721
469358
471295
443429
90637
91185
339343
233618
77378
287943
146511
595428
476379
379526
633304
626143
188563
430763
586538
341456
380140
559204
339568
63078
440988
158619
562917
564617
83646
382574
567693
573570
149783
27890
314849
633622
119075
345244
165090
589655
324239
2654
173986
98469
73232
498342
415664
654997
620157
693255
294304
298148
241361
633872
52278
682349
483543
615196
235868
567190
688822
101411
438610
136455
129301
444511
461130
641578
87605
626220
220136
411844
319926
394122
201365
393158
583516
308082
37058
501524
299187
331362
490724
231600
656286
543002
211799
437679
147100
447668
695921
133773
240131
432381
663430
369433
567944
422410
702063
655549
346481
220049
56296
357459
305223
650863
48468
186590
256795
85526
379166
247034
107940
167740
478634
62076
8592
381486
190807
548895
520206
184579
682668
58187
308012
643948
118672
567009
364209
118586
211460
401742
29687
267756
57051
25963
609672
498721
605755
557519
275299
282771
102404
383239
450511
272090
136367
150155
344628
18227
699050
162684
596008
370620
614074
595072
312419
30596
459931
367680
542384
671392
67272
572072
630200
517525
598035
537722
5149
501640
393092
280448
475463
186548
354740
223824
149690
182159
65031
494319
200386
61932
348055
94244
123604
259979
380369
436023
290576
138150
494755
130810
107392
253079
393934
35443
68455
683021
264217
73604
173563
348361
45104
649026
534909
399844
563902
375652
273056
628934
167821
473442
381918
206928
258739
505522
466908
639108
632598
448536
75108
425203
270398
575703
678283
664333
302198
437790
645204
257467
202446
116618
605829
247550
456696
438588
338447
318449
112090
611503
245233
673113
73847
318203
177892
332586
121575
335852
662746
445225
82238
428907
168279
352636
302460
537614
5871
295710
273254
342128
553177
475700
149798
456856
414302
606494
586497
50599
222793
389639
662102
159078
360603
33800
477281
229547
57438
289909
256451
18035
32984
338689
446942
594465
382377
440454
429929
388249
34014
394235
421429
278243
167785
571227
32950
582088
475571
310499
323739
389417
700138
283692
548495
49643
8544
14679
279190
65982
697790
535641
477219
421826
565382
222011
314142
245610
353517
435123
324911
387531
127209
44190
665775
688196
615417
389777
568134
79890
700276
189724
469307
698264
164468
6705
45758
173012
414586
16000
632196
410226
242694
407266
129902
499128
320329
135096
435790
673847
570220
58551
50280
388481
495943
407107
374527
100262
487936
633714
573355
486062
514490
340512
173229
370010
38269
612189
234074
452855
319241
164120
554133
252987
262438
375088
49966
273820
510184
485756
245517
69306
235360
688999
457787
422355
85009
523367
522618
572945
145983
393823
356858
660473
425387
221139
328333
463657
131178
562407
607564
141471
417579
150600
394459
680018
525688
444425
251688
24774
621233
188257
94081
154443
568308
242920
576799
653317
457339
88319
524113
603322
173194
572023
252697
598581
91012
272082
51140
615392
525541
349757
447915
240971
500357
140224
612041
14947
275701
554781
39721
587987
434090
527004
40280
300248
67775
308131
251416
216166
87502
466581
117339
260696
336454
61088
550330
118518
333171
601470
424962
156562
642279
170727
88585
440486
2004
700626
455433
670907
244309
186207
556744
678399
11061
288077
669700
78836
287260
612168
688205
374763
376599
103394
326511
404105
557684
174691
213675
188705
467214
329689
345268
407343
191468
124905
538882
193472
123382
685367
162230
58743
169424
410026
34993
180486
698103
2543
652524
283214
305763
638579
657977
682362
433025
282338
75369
288560
148082
289044
168317
615296
309785
204637
11541
501253
329543
550423
385778
452925
533641
239060
511668
394117
649086
237713
265655
645040
633458
216030
226104
237071
545661
575133
610485
669739
548523
685854
649351
696605
665950
115518
300803
273585
320156
312345
72689
649699
553820
458467
91526
76363
697527
294246
470481
335515
531960
33986
278405
154320
643218
195561
391392
177782
461746
692929
145371
308120
676634
92572
695777
640434
208090
687633
605072
219298
691030
368813
166847
542700
125130
258373
619064
513709
243672
78447
147074
73482
505635
116532
621004
446704
312093
1298
624486
71690
694228
460909
70862
668712
244533
457691
298048
452623
443174
594172
671922
432054
260835
529821
665807
385965
479247
582721
590726
20769
661168
35651
487453
464653
152183
406307
602409
155328
407606
215797
620220
399684
367758
382134
57298
612291
137676
46398
362765
271902
640571
23589
395009
199256
553410
358666
276274
21559
632439
164850
42328
282509
593703
529781
438214
436938
233939
29526
592267
332597
245323
510337
30131
613082
190322
480631
214275
19050
527029
577040
684154
465450
291681
377013
664707
536144
426731
238831
557703
357020
94733
600032
330581
688437
118715
66646
423225
352654
96172
313342
685251
32547
514732
406434
336681
396106
184915
550957
106208
9795
116899
88212
166297
99633
465226
128854
635777
583009
58737
182382
631082
153471
473466
259513
532960
592182
17211
254035
242686
506585
258430
618990
539133
464214
14326
566866
158170
199242
106725
264378
602239
223625
352590
66386
14310
508868
588443
650087
389728
338232
523521
318660
182755
294838
269225
13565
184870
286437
660803
118608
90872
217083
428650
321057
681297
442977
578976
530519
333271
685701
485949
233360
600378
136389
692948
614688
336310
270293
253677
417090
608526
75049
426802
89131
369887
696027
495899
554757
673516
454552
364417
455441
671635
90918
74348
341834
533895
344376
563405
165016
327928
347204
89428
619358
483593
473428
531897
510955
41572
83424
225895
341150
551675
652697
121333
219412
337627
617232
465221
308993
369634
127489
62284
30171
611609
529835
63057
443354
172061
626462
299422
191041
271516
79902
108250
446162
244382
331199
254967
285954
414623
171915
318156
657351
515664
439490
174613
151141
354572
330887
151187
415259
149428
213471
445430
58887
41156
199540
502241
606420
123852
492715
95311
395369
572617
203561
532583
508051
225812
85400
91856
331488
650517
101064
286689
464032
540554
152354
306225
586179
483241
457412
299288
632669
361936
435770
691556
94144
635310
182699
700564
450215
675414
93726
536636
236933
690489
367069
42835
214152
143521
527893
545640
91889
320009
523381
246973
158414
675735
553198
435645
456827
701663
32783
78398
361449
159605
67805
455593
485968
643706
145060
234033
308023
238786
461721
236008
620327
126640
672045
525531
270161
188840
60073
362050
508850
583454
300075
667264
248092
151124
400759
2769
543839
124594
474369
203138
677401
233226
349783
461219
174783
494843
386304
482806
424681
145875
409866
33911
665717
379762
559442
233729
568602
310568
286831
375302
585074
586907
31468
131016
429083
432227
526987
270772
247873
299207
164962
223125
532433
205797
375396
398268
700641
452753
572126
114224
289680
279843
148135
253248
659605
398630
178029
217109
7048
464860
592412
283174
40669
623880
414191
469752
45010
632230
431576
292883
622489
287590
516008
452773
493388
582457
542093
182931
333060
412070
297155
622740
691913
445291
173838
340420
141771
351867
557529
542021
507780
138843
123045
548449
60574
228288
7104
498786
158369
129732
89519
471910
417323
296580
222533
601763
176887
455679
82544
200999
165599
70751
121589
548564
516042
688630
580036
348865
29399
435415
188736
228231
265311
2834
467733
16937
231122
474837
515723
80543
604569
605242
552454
10794
592874
466039
303609
460813
219568
386153
661812
76219
456905
474454
624783
663999
460934
502669
310715
181385
629137
190503
100669
585500
193337
568402
602437
115512
341089
416010
196055
636710
10154
439561
338557
603029
596653
642166
361692
114071
17222
321355
583493
165179
486861
197178
127028
638847
390900
128795
118082
317887
319299
218751
594439
512636
85003
494726
628148
117144
208586
515256
444907
611942
252667
81314
512821
147170
21330
565566
654444
431754
577973
535787
596933
362684
424017
21812
299381
112767
543809
108515
121706
160958
18319
13995
673595
103322
508721
290645
613669
408359
103751
356426
318152
47471
437740
522025
587843
150122
385441
231189
581877
654466
458028
167712
315000
179896
189524
305433
292663
424386
413949
414370
585344
432268
428365
247841
226642
628139
538487
531363
334348
333290
185639
343552
71813
314431
163428
659657
464554
239921
188696
35333
192238
646725
203045
198290
124471
83622
194776
417134
508008
608725
522556
391202
29895
248772
330096
649739
174761
166433
478953
200161
190775
664592
234766
262589
276874
398194
220096
432480
329167
99844
467813
212457
44419
361910
101800
562092
445532
296576
670279
251390
596353
490685
333645
626248
37307
663741
573837
605270
521226
350640
496484
9851
313083
29100
665642
281009
118346
576790
11339
447513
676635
170204
351023
412106
532114
452823
665251
668699
440451
633380
217939
334654
421915
242636
258752
150275
597429
523641
446597
107557
565334
240931
510611
569469
270031
474103
148328
388377
348744
552869
526943
14281
20923
569018
426387
244089
10743
389488
210638
451194
11770
119630
83698
433686
53318
33502
275013
650748
248195
19460
56155
111379
260392
566766
680848
221475
29772
520228
609853
378516
370947
125698
392797
82922
694716
510236
327012
3309
590777
537650
454503
602547
348332
229253
25135
401651
655957
300148
350249
595204
10661
97456
4434
271053
355275
376334
492528
385047
194413
91283
454615
565360
216981
538464
339335
209547
346550
666347
606058
628379
192899
49463
219829
232284
278716
244964
633935
625725
236165
675236
518780
246826
70542
214266
517879
116869
281652
701459
501916
476065
483795
647583
30328
700776
483897
369663
601376
521500
24912
196336
447729
611013
245800
667558
141147
524516
603575
72932
139144
137590
439220
348976
75468
200815
254294
284399
317684
535946
283708
510653
309862
65353
456086
31242
457182
237834
91957
47460
57184
116869
243796
195965
418934
489596
161374
560082
3015
456001
324066
535361
284643
61137
182187
360111
261952
436481
644510
270688
663479
619270
79191
664393
684624
535278
695635
130708
70962
85442
571370
128146
595513
113016
324111
3350
293665
176537
254484
689882
323590
578550
523093
608233
330739
3130
266194
283743
130663
208554
554432
485194
125675
633623
447438
501351
466751
440923
323111
228765
217418
192331
47963
503983
698549
63127
198385
290064
239664
452869
277796
254307
20322
491941
160390
351061
186123
117637
325857
316786
17243
178139
99831
536120
502814
238321
335321
660618
370296
349484
187233
587714
232867
235197
80600
229267
298324
278985
210383
229040
422907
179232
174399
443229
671173
334790
485342
155147
143479
109049
162985
160722
680390
656018
696843
481055
192189
21066
130575
562486
61603
8860
139102
294470
244057
612904
523737
233433
189740
31971
153526
612647
604405
18977
44778
573428
44819
530120
419627
188298
639170
582613
349021
617410
227533
34766
87367
419723
55832
217942
673261
117435
226803
110213
102958
161912
20968
626695
86398
603910
349718
633126
205459
251973
652103
250237
516454
696923
78207
233931
576273
408429
507596
223144
14742
32980
651112
102109
143755
397997
11104
114866
206484
631109
618281
309442
484073
330301
233988
570471
625263
274758
192499
128572
217784
535655
69861
425290
221480
541271
350273
95603
247550
155720
9800
262292
581902
660912
55454
23507
356759
66558
531575
563244
697667
138758
170536
479590
469060
95576
38964
392173
61387
624665
211798
279171
458170
281659
395513
679650
513982
43636
73104
59383
592558
476106
12727
472310
434868
68181
186869
89478
527941
409496
343774
523458
548255
514310
694101
315165
300939
424117
398390
362326
346632
610188
332549
495855
582900
25912
164407
394732
69548
237511
145167
662107
404669
551097
123319
137388
619278
310189
620068
445070
17535
261692
659580
256842
467054
342583
572007
65843
64550
661450
119221
102235
569488
451770
598090
141290
168734
60347
227075
238283
691061
63294
591442
393580
614391
405813
222020
531520
407054
139938
667642
115642
401630
625072
372484
166535
658708
635544
625580
21108
594844
42652
516545
153234
494422
103537
294525
663157
163885
212652
592492
545998
275946
172836
630630
581390
578649
150501
101812
676756
290439
67304
90248
383122
383428
462732
549657
31038
396126
473087
52147
288820
515739
259744
442055
701214
363282
427632
353273
218219
331336
243615
62067
298334
107503
383749
177574
377204
534250
279386
351810
515742
37742
442058
196714
112223
202641
44221
143261
289819
208360
588610
578640
415152
146205
9597
414216
200539
128281
65339
418758
459617
6
480825
55801
500711
162424
626578
175765
387727
597016
527576
201319
325811
267484
398033
129086
161177
133306
665549
450997
341666
552010
18539
447870
389267
28136
159936
280858
156417
618477
699616
307086
309535
169343
362887
108096
22819
680517
283862
410546
575384
502490
302917
199045
67824
700950
328131
229002
525308
291530
371051
164825
534592
389590
303747
614911
417726
463684
193619
265195
71063
191085
572281
71651
51480
626220
179747
74300
604588
154661
484846
168874
657151
85614
367919
416028
477616
387102
336082
300775
678632
4983
156652
202127
394573
460399
508090
503351
615135
701710
66396
686199
583847
329729
448902
635328
253799
628649
7478
549439
474363
183376
16163
120416
268990
75134
536444
437659
462236
170376
36284
129771
175359
586138
22950
260984
35439
531040
62185
650575
530600
128581
325676
103350
149362
72428
36528
94214
392129
437208
643653
557544
620584
350869
677961
580627
117055
203307
316136
579292
373684
43472
400115
240095
629610
423065
192132
665049
645157
254317
304526
473608
73951
630202
268010
223313
393682
304538
317527
476864
39596
652233
332258
660180
694154
308069
538657
109059
511377
545845
688351
576113
589317
77368
507260
207829
191485
699392
563931
134493
644762
166307
299153
16563
487562
567163
633078
572296
169551
248456
347010
602349
591741
679269
251431
583745
678390
87939
692804
178669
324836
370058
52632
212004
447426
250945
419833
329964
248187
281614
464457
584001
138974
61460
600564
317588
628623
531493
187734
489226
471001
534745
389425
51644
202916
640856
635389
179156
419847
317095
357826
42534
687153
101510
647740
123482
352455
365423
144498
291695
338090
608955
173546
168116
361467
465163
485704
287940
687708
364490
468218
147611
197085
155493
199255
400001
487401
132494
270210
598301
140641
319088
640835
518847
420598
586425
333381
464106
642900
477879
53651
672042
384684
620399
531210
44001
74464
314764
22993
60022
679255
491211
207633
567392
337756
97940
658446
516209
623636
619708
412360
62128
236646
42097
580975
657244
319574
212206
419200
260325
690085
163903
623419
63671
475355
452480
500874
549819
458296
523867
300894
126453
3980
199579
693846
341736
297520
341194
155795
612208
258752
259208
674336
495398
301305
244213
141544
620880
147471
251797
572257
528608
415700
184578
592279
582107
637058
391003
120829
84257
605922
112775
210710
609902
312354
595608
642690
300926
234652
96336
210985
184456
46596
576373
679854
347901
118437
512451
659833
659110
62098
220992
485569
168850
405571
66750
48808
31531
148806
169637
115788
52578
282412
17551
353533
285818
613159
294073
586745
538864
81461
488782
414372
128057
54057
83129
167011
172494
595580
124694
522657
657678
345687
306076
124378
442310
63878
173186
473841
212684
33875
280682
658465
7339
298233
309848
293158
602444
294973
570955
130210
376435
48639
544583
195544
102696
627712
362555
668393
521142
487250
488900
476670
523989
486028
292100
264149
549906
465287
429042
60441
190214
7574
409958
197554
699009
410858
181764
599304
3681
50569
420566
71168
492410
262999
266713
595106
581763
629268
561349
400755
105420
39151
568477
320461
525179
158428
275662
372936
314767
2555
124429
196033
10129
225439
393587
6989
636297
266403
297345
331030
8024
15761
402199
500434
278761
359964
84443
551576
680284
645792
250182
476757
375996
509711
95068
199025
359191
370731
263013
365010
373286
78494
561044
74467
697135
645683
474658
631282
209937
69853
653365
611163
478817
353414
409448
448630
404430
493891
298056
382564
128585
548238
550373
504581
46852
645442
394659
97095
5075
348724
462106
69413
118271
12052
143880
113256
657735
309591
42389
558724
379444
386806
467738
156111
38070
568238
604741
133552
359979
200648
207168
179616
439938
55392
375250
177842
700834
67759
274938
396961
107535
428096
466374
225806
440148
301306
339063
86785
610897
72504
336562
681394
459310
495352
528557
188432
361440
122201
13036
412471
322849
220204
283139
453839
275596
658389
322734
667482
417200
597672
362293
524736
323618
519719
48392
454818
118876
78507
541603
420825
544213
176015
400069
694575
362419
226477
574059
21709
39730
587095
125232
53631
105150
408372
507470
380746
55663
521256
346079
472864
416778
399424
295450
431448
216994
34894
577318
26922
506604
416772
447747
348667
283839
538869
341093
646259
456398
606204
359020
496128
491150
175305
549759
596300
274729
46131
668098
330392
567388
312027
101106
675218
402504
87608
95569
619498
122503
672887
646420
629107
78561
83069
668826
53453
312990
700971
390764
67238
605026
440836
563366
394026
616141
102027
681378
581922
148159
647326
210165
406599
257204
2323
379667
659708
89932
166288
268108
605637
137026
605580
532594
608789
379701
190322
662242
692692
189144
350856
57780
485222
89543
312199
177098
396736
105278
156326
276509
253437
101502
177726
351088
49758
180049
421808
400518
269981
588096
359678
566670
416174
263108
397114
322814
333862
278489
282906
324404
158685
324815
382184
643907
105410
385435
512057
502146
490714
668383
76505
435203
460937
647433
84142
201748
125333
505950
293318
86366
391896
344049
653037
105921
298209
39053
119787
632071
317542
402693
254325
476227
418560
327562
109036
523970
10847
621093
323967
501561
278378
91524
627817
37166
36808
9809
632116
555343
515759
616486
641709
598707
258385
592596
395680
556595
322702
515467
486516
331296
609213
38692
105374
325623
57306
214410
147444
68153
526556
162463
260767
102784
647189
186434
533152
375049
196243
463118
228242
403054
377455
561004
692813
326892
142502
386344
181337
465204
199661
358906
94351
499926
397598
592927
123400
454904
498389
664046
214109
322795
517561
474876
425580
153652
352362
256582
528702
239657
410753
447996
642711
479260
306850
324427
104002
449353
8621
285340
212407
601484
335298
699960
399261
423948
590737
213713
569904
386977
568811
81863
400824
75274
247792
124254
228926
600154
71889
55478
530864
482642
503475
162477
259752
501377
486904
363754
248580
495525
340146
152040
394860
675444
149850
485173
397242
431640
389938
264996
509669
256599
37912
208343
22925
285704
332598
251851
576910
404487
700532
405624
184979
192909
568102
135783
694286
352856
499537
240717
539434
530736
83809
625346
504030
233659
408369
592325
356351
96157
548373
163870
43808
586285
372214
66733
169839
395864
9636
437802
491403
8018
141276
676382
200927
400430
503217
586266
51137
300604
124833
590571
522392
601844
513767
15325
526555
613188
607650
180757
400397
453873
344627
135257
338009
407893
595192
198900
101607
604828
636702
593010
612847
469031
258294
504826
167311
59361
388942
218448
51018
204827
500071
573410
104521
2740
279787
322129
306980
185287
502886
398429
330213
145363
533686
359274
244309
426728
558174
345916
20459
183779
236777
324358
652810
495071
127034
511173
245485
207029
420674
296503
102908
218595
560965
600632
614538
138603
220611
219368
14942
21347
308850
345155
559912
140386
395481
102071
258167
644708
447988
278626
126337
375817
602984
470199
561940
421070
279222
498477
319151
699896
486032
422060
609544
344848
320542
521932
174503
541153
432352
582647
253552
432254
618855
111314
572641
312186
606588
521860
254744
43478
491538
72133
419295
392372
233384
672287
504494
512607
468615
121496
201405
252497
543556
108799
288397
555150
321783
153952
394153
445188
34450
647705
175292
653305
450071
438985
263341
45561
258695
209138
89039
48083
674473
199386
131507
205708
562726
636002
16165
329191
448550
217570
272740
683158
17422
561138
536158
30257
12940
228161
475445
47390
566918
341790
391747
5891
78625
346141
51453
28373
555279
533694
469658
527602
424133
601166
31160
284709
226070
440527
613900
365672
349150
184490
346680
57624
436680
180688
87881
449621
408849
254379
188063
666819
596169
579811
363762
365846
617004
106267
394219
470133
639962
161728
688787
361945
453946
411000
646654
680016
542579
249456
343538
189579
433946
690218
640405
561679
561958
26137
309150
268657
673718
188265
626528
567737
459128
288140
624635
373982
394408
316705
535167
23272
169485
212857
76269
623431
623857
20773
292349
464286
270229
326939
344918
395227
315007
283173
254756
174815
362
254958
134524
674080
134276
452104
230719
284456
431296
153205
658439
516756
160962
182508
540028
330447
395365
616297
644930
317072
328122
235129
472411
289403
562068
508381
375683
568127
482606
321491
433994
482969
267502
259570
145951
401778
402726
67723
686234
131872
614130
333575
648629
466144
516084
177559
94441
209299
484909
430423
217424
110881
665552
689835
91337
216522
496066
467020
475701
669724
86361
207545
450543
44915
158167
287547
446693
560893
46322
121830
383817
351504
146457
330296
115498
662541
198908
209939
562893
683817
640362
78167
485750
294816
459054
577087
202390
646172
33009
678091
613746
512573
576688
53192
557488
32705
340739
302032
284650
78113
114914
668467
429617
261371
689816
545115
614965
186574
446106
475708
168241
75370
553875
653991
61238
310779
219981
263628
254801
252990
239569
166397
63413
507309
612791
620902
231066
644582
613986
515716
20545
26750
173085
141214
681323
160751
686329
594138
38377
121337
367696
206618
196707
612623
551662
257945
614454
69493
212625
560307
13535
143246
24555
76949
650555
328398
388903
572673
270831
300739
386239
291376
18541
250377
432591
699864
102180
107822
282905
140558
229160
650601
347176
116919
252127
589890
374865
164431
659383
278542
22589
672919
421789
440346
440920
61246
66594
127673
633920
337425
119464
9061
319854
138005
259438
50295
528921
361619
551319
109676
502177
78329
451330
540405
195249
1307
428146
261166
165738
76431
539708
581529
440402
652549
319725
572374
11646
77372
700047
645566
414797
117361
654627
32501
648568
211916
475998
475340
264587
325168
585016
457816
94549
334196
296071
289798
26555
415269
242016
585496
491701
472777
464875
623155
423176
475653
493380
434822
553025
182329
378238
265672
692893
21768
691376
639311
626886
156276
412501
189323
481444
688570
647139
267046
11668
634262
247896
38224
347382
489913
623720
530135
260540
77497
142192
374768
553150
635572
500643
404025
508954
569933
360750
499697
591701
41028
436858
516437
197304
540412
396812
369801
526832
341801
636847
229552
667116
182593
267776
3400
363558
582548
224587
315150
351098
366779
689919
202098
693404
488412
297176
500208
47247
348978
297755
638949
81058
32463
453236
671564
263927
541101
339215
88609
573954
667114
318162
538920
540760
276990
542320
202168
550591
64757
208371
199539
122589
196140
92689
113843
375604
80917
305103
422851
120947
602858
50702
202005
326373
194991
564622
590301
33942
594889
369962
607896
559854
379176
135719
89516
347219
678039
291684
195660
433849
500055
86251
247490
387247
572142
361333
453903
344112
357488
567807
156111
258196
309561
49169
275621
504552
613791
556974
229546
506530
224787
135293
55286
295015
271012
144802
642234
640103
127539
528946
62854
318646
615197
310344
396946
176242
362729
148699
211406
18067
407558
367517
669465
408172
416686
242937
210574
328327
97761
440121
132708
13600
266466
581196
308616
228530
23849
248700
559685
151388
75497
622540
470034
381746
623936
164830
249040
284516
4582
460446
695785
103192
125814
663101
511364
233552
597090
412991
561880
385903
544164
385640
399504
108480
264686
399172
28062
681737
647872
587747
130975
414421
199189
601010
487220
120976
456892
34110
405492
461474
185609
90179
255719
2475
51130
64933
236027
648220
477924
488959
331974
319938
172449
422530
119470
128188
119552
147532
107775
458476
426332
238751
170748
625521
530813
349020
44347
678757
74182
140891
129134
259791
231071
384853
262266
675403
140838
189346
312526
618763
678305
335552
629753
541807
55932
440276
669995
568686
587808
75620
325012
3042
5423
186812
628564
227288
535832
363963
597098
610015
195907
24082
560858
426978
99987
514177
91283
240825
1373
403809
550640
679678
37211
169296
519335
486345
609572
178232
352881
186282
647055
368946
189325
652478
555758
115739
570819
80493
170754
465767
381560
366661
180901
633470
484691
280888
445497
575975
521713
446870
670836
61256
115451
5898
230552
325838
183295
137974
195123
227229
324256
140028
596175
513581
483558
140835
320372
43279
614530
491127
509046
293940
548840
689947
618463
331382
661887
361810
205207
481451
499733
173893
542707
306236
572993
71109
323126
54139
602285
518249
281368
224391
658277
568595
35823
130738
7280
47247
174017
312863
538374
374116
297855
385065
52965
214168
407499
12703
575979
612706
185206
64614
477651
418965
370850
39547
181126
693976
486888
81261
510076
459308
305652
157255
325753
32527
287993
24085
79775
462011
336948
309201
133977
325856
385318
186942
540024
90667
592847
413853
1223
75903
478467
169927
494868
540369
602676
675994
532196
387414
55105
31174
144572
51810
188429
161377
84337
167475
578664
557314
629486
606665
164366
454515
230371
549684
332509
68245
640352
223207
173151
332627
299110
342670
193606
485031
180890
94132
458875
404138
481546
205033
435312
317170
256843
623741
169599
32232
89066
439316
589547
409604
343831
51763
555171
265254
292499
185531
24551
230701
99790
197702
254381
89952
231425
447987
574983
412315
542120
22761
507505
12568
620996
240667
20791
175689
555460
583592
601123
335579
320758
488520
43033
355641
231335
289257
311947
214887
165840
336499
445588
265630
225253
391021
46634
456678
136859
312670
560045
370031
26483
365400
73651
647479
297119
94442
514220
150430
369087
413193
486009
380897
592766
220094
34389
515153
200403
37388
27890
366243
373887
164531
322925
599141
555552
60612
44721
383463
373282
604767
51344
399765
661219
124996
345094
256189
612640
157164
97671
279577
261409
583680
660475
152025
494826
385916
358231
695230
423304
386121
50375
95042
241704
64353
385235
95107
124965
429956
169622
498247
23625
220967
589064
684845
345963
232008
632086
256453
80224
27607
536031
341633
302339
185408
184711
488217
571324
542942
172349
292478
620115
222725
78572
552872
680280
463807
339031
103095
584816
508653
601342
608441
27470
179308
282188
64485
411316
212124
320939
182592
632933
548022
215277
233122
424482
399988
412392
293656
633982
584741
277186
243000
498518
355759
93722
476648
510618
123805
270795
393284
632458
563189
692778
659929
40347
272816
22264
142715
175993
34255
325307
106776
273329
540585
30951
697811
631625
134395
682519
254510
16986
257556
188562
206557
304367
675486
374257
112835
97141
645053
197172
27449
506092
187800
378430
546440
151668
91747
689155
327661
519204
3365
125490
90384
543950
549643
479247
164477
684038
459617
418987
701024
15023
298601
598633
319390
271937
270741
123277
369078
606846
11501
87580
410788
592503
466010
648280
42022
248809
635286
60735
65864
329703
579427
549450
564705
426920
326547
27032
408808
84014
137072
98735
99037
435673
697368
109479
5461
659161
625959
374539
563857
637460
462119
272496
218866
619182
611828
260888
165841
236016
12675
624907
565719
592103
472207
428274
7925
96605
455307
416734
180619
283431
515469
672859
16954
201739
473390
22415
158751
88251
88007
20458
23562
241178
686156
242428
158210
595835
194368
15104
129701
600245
640011
695421
181250
410069
421545
189176
197726
567904
296962
378345
149185
110281
40106
166140
312020
204549
581757
161823
292800
360816
182282
7414
601995
559490
249842
451257
453175
135262
157413
273929
426560
488477
267200
607810
196396
379797
488038
85174
638754
82850
154571
85789
193131
194678
645131
196204
90279
215791
358027
383079
576607
231361
390494
167504
88702
331388
309814
232929
157703
158279
506858
584263
646756
465110
180975
534204
535960
669014
619378
472564
49714
71800
558353
636048
659680
192387
523304
47809
408178
572383
430888
675837
101595
512434
534394
583499
141673
142058
114278
692578
300337
312189
574691
638146
75149
446718
470200
611109
413582
387429
381523
154349
459229
630929
88247
416759
121166
302603
155620
220396
172836
586508
194083
667633
87845
26327
548982
622720
561587
354313
613148
552977
666502
176741
488973
432703
623459
650225
341663
334892
335504
414238
180293
485785
34069
661742
593596
548437
262195
47066
66683
435031
324627
653969
400515
412472
371348
640549
333042
623988
292712
244040
474815
257064
420781
654840
380820
33142
602915
20333
59086
629472
125623
239379
413107
552895
198971
304554
399182
152218
42672
156918
278302
367299
501939
369869
77621
564339
308268
101715
486177
292033
345755
652044
240149
457588
604734
620969
181783
196552
332354
240869
123874
457978
480249
228033
308723
370272
223639
398957
213543
266312
555875
491845
324663
46716
159564
93337
611056
158884
195052
395083
450917
231860
36030
691067
380500
331816
609886
562283
528368
240091
101003
343294
389121
272304
571328
388896
333628
92817
478905
547171
359129
23683
27918
683793
70399
580684
468182
681455
37419
663234
65441
179388
192944
101471
561507
264497
124339
469244
124630
652708
400387
618835
687054
480560
188989
556232
560508
213670
649050
337263
58691
699231
360946
479812
371926
431346
358346
137958
101703
86817
492245
167144
266206
376241
661817
125563
640738
477209
285859
63219
118819
377298
373106
103723
155708
253148
659956
14066
466818
297908
42382
216561
688191
403328
696373
357968
525726
352570
186978
627430
439387
679223
485626
396645
353315
136346
522209
291903
613555
499120
46174
30224
174269
110333
133947
329977
363481
484955
35096
128149
80713
77478
344710
459957
171858
29986
115775
697585
73608
302753
622865
204047
673029
406341
600693
324194
542687
111804
307149
145144
610924
44376
175368
476245
154709
368
497275
209242
485323
532371
337391
257089
300901
373153
14896
472759
94191
523873
468194
167799
517678
79961
371847
179609
486303
270390
503803
17892
73246
502005
556239
375222
237433
29457
149318
83194
423027
646593
292436
599403
167866
320879
154342
468767
694032
562440
632578
86074
75215
398623
647075
283945
478584
316772
463555
655939
278214
658410
364884
351460
458265
218973
417735
386750
641632
567053
469944
362510
511496
453432
259763
679362
72161
105157
137031
64044
358649
67459
543320
124916
157134
488245
408861
326771
496070
170266
673762
465336
126527
336496
507849
275844
246521
223434
662595
579206
88337
121441
239566
290885
574874
190381
661299
338087
688740
96180
402131
36291
556841
636503
161207
11826
113651
570068
338597
300773
431387
1261
63959
557914
28810
571808
524810
275331
486294
176307
152387
265683
297749
83005
556568
563675
666588
515717
199612
653178
302949
292796
689469
157641
620351
541728
562669
425054
409647
592318
23677
138884
593579
480839
387850
622389
41549
210510
588773
527844
386818
432212
91377
375619
206270
647946
630346
170708
152565
521010
514939
146567
111656
193310
304208
423060
32889
557929
145964
133588
448097
169642
665674
30578
650481
351374
652968
692030
252936
230643
208776
330806
662855
300154
397477
560177
639152
16725
28736
482769
537736
234727
629336
340444
428037
231394
61354
460926
87173
207319
285566
226322
68013
249090
256901
409546
291516
600921
90478
235505
129414
299255
566311
483321
290461
654841
341349
227463
671566
61137
8082
198204
295864
328471
538649
21751
559865
291055
173730
338091
189426
459296
255465
257439
6237
512366
358037
297753
102189
448516
533258
624805
438823
88472
405977
420336
434365
438378
338851
94833
499515
346933
293038
93229
366456
522739
508182
224172
111644
681912
253315
301071
439059
199832
249562
445296
403251
607600
434101
505440
45018
658412
428096
174893
437936
525125
595229
563353
261353
231930
658186
58718
269915
642276
545149
636372
462865
351181
551596
574510
330944
495963
173431
461055
695795
422993
597403
396896
19495
329354
593389
64513
678818
319335
632608
105656
142310
525687
669009
94715
55467
625046
153433
325383
565172
389634
652807
325888
38665
502253
591450
369609
296066
455933
128514
289711
569978
416969
377660
589474
44174
268899
345039
414044
588234
275498
519701
421596
99035
486560
516311
547705
100508
360796
564140
665681
48280
514797
682621
480147
314900
262973
540809
302018
16756
360375
282781
586734
75195
660441
165110
119369
227190
510150
224465
506476
476700
42016
619124
575735
528577
124337
112342
320137
485133
676482
283668
224465
489129
657341
2463
495081
218164
543272
94949
234920
594699
377731
512707
669894
336022
677817
480315
254265
485817
2631
451793
260367
44647
368768
527155
264276
493105
639497
584414
669291
304882
559134
191606
91861
205378
587271
277995
423542
119445
372944
349515
11995
441727
160072
681889
468802
135739
460055
20917
312609
462686
472710
264028
198385
532530
482235
153714
323486
110635
429180
290627
415517
286164
173285
198430
491542
451609
476425
606137
571054
540422
253502
274101
279999
104626
253841
46651
633567
404948
460770
244026
558686
624533
199107
54921
454913
681342
601837
469451
483029
328867
451130
196396
615032
624416
394827
95476
64927
562304
701613
635981
400576
646167
601135
371628
48643
546028
109331
682211
248826
261154
617289
105362
183537
114246
553485
329502
486641
144225
96804
267520
473092
547934
463917
385974
161252
549796
172503
226179
409950
171966
553213
501579
509186
452198
171057
557829
296076
280388
537890
235954
541542
453030
32368
416131
258328
276905
43484
42819
421130
533490
1392
192073
70326
465309
269099
624781
4007
441602
148810
105009
304621
393075
606588
111657
143123
75495
360538
130251
46936
589481
366205
279530
31413
398573
695662
289741
675479
430198
23613
394459
654740
25005
586532
22916
181366
546684
647697
185373
286136
487560
683584
281809
178485
588023
84518
12661
354570
445057
142912
92558
332388
509118
372089
363801
598743
56653
344594
263124
486851
59259
657584
130493
84264
233018
153409
658832
77552
492159
535257
54741
277569
516692
27602
147106
402565
112121
159767
448187
248230
695882
540746
580618
193902
210685
635471
90495
660540
671117
353620
445241
28227
106
266786
505693
626326
420195
462376
1729
603406
688685
449672
572027
503227
477274
410186
596844
280447
569953
342882
528677
254737
574680
98197
448639
83215
424720
230187
41605
393688
274859
177898
112967
274965
444684
309712
199141
555931
463140
594072
148240
449676
32646
18117
643955
509921
119355
538650
88218
689309
572584
307948
635098
445114
406145
381588
219381
128716
302827
654188
213456
577686
523138
17475
543703
658874
327187
433896
203707
88178
325819
351947
537854
49517
61117
170711
559438
180472
7211
338709
560833
270847
646657
493782
407013
41704
566422
626394
170420
560301
269484
74928
435837
90472
92403
670592
47196
419591
402338
250904
198821
419209
602851
427727
468727
355020
598438
17067
535493
296702
46828
85228
567549
693485
579010
665615
426242
134334
589859
287714
694635
550396
362643
119374
640868
146098
87816
688065
256741
181207
630021
455562
291468
221774
574341
58045
576795
470630
468315
101190
65182
515143
186418
323783
197531
456481
287248
623773
281867
568160
602539
274353
416406
263032
393727
355124
409131
172596
32091
356924
353803
353164
110337
336323
574939
684678
85421
140636
144210
553736
241826
209392
57781
119296
224228
648514
266829
511476
261189
548697
377486
161579
514102
484944
424611
598881
137919
524794
69327
563212
179569
114182
214227
683108
450506
480218
356688
535927
620854
500899
78565
553732
401343
136346
364080
316623
82711
630910
125950
343900
168509
194488
505479
682611
679433
621143
270394
508404
134839
30774
60518
5460
144956
667947
688568
286514
446015
34159
513493
364719
535058
283110
216301
627453
110509
271434
241927
586422
593396
58929
621374
59755
646619
424704
433418
314954
34749
1662
514410
562790
32436
574929
568251
570595
540726
554669
548161
284592
279880
50557
340363
505990
333667
247717
431294
135228
519151
364273
19500
410397
423202
640875
470152
58723
54481
594622
373678
89230
287336
185938
652020
319773
58717
518121
581420
290496
61693
118483
266140
32625
169040
606503
538616
193760
152070
660962
328988
362273
323085
348489
70520
437339
680416
231724
496062
32747
124196
167590
121977
102585
44581
465049
113410
496500
674223
694830
84846
426968
504365
350986
459593
673406
648542
689261
558218
491664
648073
578258
151788
269008
617799
222308
397399
596065
145085
584514
628812
662483
49954
441841
62918
487737
597943
176328
282088
570016
562210
366934
688036
364426
408973
136531
26734
355365
123643
584952
144879
69566
461060
296667
29627
67762
210028
427026
663827
355113
309390
590490
6498
50397
330181
69417
538134
225974
245745
511274
487042
499008
176059
163980
161284
276084
300512
188018
631449
115207
464022
467380
184773
616134
455100
607602
683896
356180
23531
645574
402345
23973
224966
408843
467572
555147
478260
303557
472174
415058
112681
650268
211916
681942
112099
64252
255876
103663
645472
578377
218870
407344
34660
94695
321328
489760
393350
696277
143790
416881
330753
237187
440854
555719
646030
206277
99768
113193
200886
262994
219303
4619
211113
122271
377614
14264
186523
324542
511129
129845
200770
421051
228241
235430
206798
240621
416242
600148
234748
251084
314879
565501
488271
446786
110122
123203
344115
209891
236396
236053
472885
455699
633874
375050
269022
309338
389314
455545
633881
198293
276442
525703
310396
504683
452185
517195
436357
166277
415193
671105
417361
421125
225509
596684
558963
335631
17737
200928
236574
647336
128033
7310
91937
59757
382360
360960
369096
462727
507557
694029
352072
475052
208634
662469
670787
660819
477514
404994
518148
190557
65002
626561
611682
290511
521095
468495
317194
229884
360475
553769
175070
488508
561079
267008
239318
634491
319020
608414
395068
124427
291345
44991
599479
499979
398512
568117
149700
173876
270961
667848
364433
27015
592259
667168
317526
411204
124565
325773
332140
176093
177392
507211
355653
429523
72069
594971
52916
391089
192287
447985
206568
483632
184028
103898
674663
582540
363067
122213
447468
325080
481113
502953
352096
371222
467971
360674
473478
283589
686447
103469
459682
161689
301732
506387
282264
373801
399209
335181
455942
591496
474218
353562
64031
349298
148512
36544
622890
511579
551960
368208
527712
21975
562213
570860
393198
328035
229384
557728
302676
213682
352249
453410
66423
653981
257647
39740
16684
656856
65973
163678
546203
540191
517241
301286
580541
665753
28882
501281
166235
271894
560541
693947
293870
420604
562657
378120
439691
483093
233698
433419
696775
585948
184679
454251
537779
442327
185043
245516
88085
251016
409194
325340
89057
224285
626626
360650
187889
655509
552983
45176
225253
102426
36973
519123
214082
290682
195093
653774
71625
119844
385043
459453
396844
260775
604756
625675
394154
87649
169041
482239
338665
578236
105430
118774
100371
423108
479424
681462
67519
21309
24488
292773
123735
454663
502948
337817
43195
389094
682643
508023
199990
365537
658528
596834
317364
561134
520359
9368
339835
689401
491607
369552
565487
288089
488326
356910
9048
658802
336223
469769
680111
360711
60392
494898
113225
254393
130565
549622
334539
111059
46547
534529
167648
2925
120265
485012
255111
640624
185432
594946
318927
677039
262348
575466
656181
441726
230227
356281
89430
566450
123900
460593
618213
577495
253341
422490
522940
74959
663165
155329
186018
7562
380910
44718
403690
501175
529730
658801
130701
13012
551598
140681
381103
504998
13997
26186
637777
244224
382467
25057
501726
197420
485651
108842
72765
430044
531332
595705
505003
183399
442086
382073
190962
514048
426791
594652
4125
647573
242355
528028
351637
91803
668709
30591
287854
682707
56777
223481
617983
130297
641740
417560
327717
116293
526402
91534
237390
46636
378291
40243
230036
118227
422317
112050
632275
540160
397754
327452
485584
640109
153330
135071
422965
119890
558864
401871
493649
306694
316404
409482
436991
255994
124892
455760
63340
342346
547294
300730
80035
223435
32025
1123
32714
454342
113173
356041
685555
510927
683493
468989
139938
134673
604060
562903
647765
151827
655826
439264
458521
270080
146597
193362
526075
664691
649122
280467
698090
185318
581197
75975
408753
613222
77098
132519
56467
583473
488560
39872
83302
160955
199913
223240
295628
495025
477196
634446
646852
430872
371560
403223
700953
518157
287637
215930
171751
627811
496397
167691
110979
66496
243666
210784
370770
11816
343303
118289
595289
522915
551363
678591
683870
49126
199681
670551
235204
367929
602847
179906
96652
272257
274182
488657
481467
561819
395639
653218
487481
189886
118759
598460
649584
53477
500297
318204
65293
141450
436494
660582
355418
285707
637023
337138
25886
527756
698741
261090
193536
599438
440996
683390
562748
13028
469897
342065
265900
556588
293133
51231
437526
102944
340743
384960
156421
138890
394216
221714
673543
128560
573348
326811
105320
508221
355001
524408
24879
351593
83348
218415
248881
215396
592857
109479
621627
51656
142596
185377
608244
126781
629810
343620
229725
268403
26430
77198
407294
111699
692114
69739
633461
563312
396550
36631
60435
442603
561039
85315
92046
335439
696932
31980
550836
278692
534661
470313
330348
677258
346742
236443
495091
274402
271115
22667
542805
690748
493067
641151
100297
174084
8740
31608
35246
96342
461442
488884
538946
11383
265251
322044
346823
653235
354024
195509
229777
186536
356874
560126
554846
1466
487621
38839
275868
56586
454708
116523
438386
245626
448727
538683
419710
457467
261344
146008
244862
20636
634892
81658
32019
591195
403702
378842
542281
448779
265403
69908
326367
622277
321086
572265
314795
106557
611104
590663
556346
363663
398239
292582
609289
144816
522318
17901
293335
81512
163909
229249
495350
489854
310907
527369
378899
405662
597264
219030
152291
553719
682141
169710
164899
301077
39825
479694
98687
650929
59260
346085
312442
457499
329719
612783
293367
149887
630684
277754
624601
485646
507004
417801
273350
508963
636223
343301
212475
531337
253384
55818
382906
233375
225528
547805
225504
265353
16402
324191
607335
75662
670276
217627
533161
691048
521463
517580
138785
449997
486386
454439
626695
291240
170090
197895
491256
104163
541197
394783
326552
92431
450602
7309
16858
367182
246166
242362
323588
262568
566554
228773
338230
225732
137452
562443
607832
658915
68925
44468
97815
246364
498907
22360
228656
360049
220256
17762
155265
452505
412546
481817
235988
554200
489126
252846
219232
426345
186260
542820
379965
443866
69443
409248
360651
206896
662743
266333
163661
422721
310801
654678
669085
500760
677039
195591
551862
588347
213354
4977
338702
625900
486794
265742
477950
666973
209640
388234
82220
395900
228905
462185
137617
691550
169283
498268
196296
523079
62451
51010
243650
64305
3538
210585
256117
371629
406176
105829
257826
310582
504008
596528
627534
288653
553322
94386
646678
60812
482621
26748
456713
9376
179985
594330
391978
40321
390448
588275
563400
143951
330337
104900
208256
24927
6537
155426
396557
103765
261255
654383
414348
456316
239814
339732
42819
90986
434119
380549
151799
607792
98349
608512
308220
278334
191744
700198
318655
273244
277375
573107
417195
607712
678007
316504
323692
375596
471930
18099
479362
424237
363534
191560
178403
603348
222344
614424
385387
347515
292823
228238
253157
391172
527802
561377
360559
17396
559426
679214
683842
134651
241224
398887
433416
610283
406443
54958
283730
176223
466259
60942
291513
127643
645704
469916
422044
165898
382191
105281
204466
366066
333519
457623
448291
552373
7903
106700
569769
258381
476966
242513
84084
16040
641400
517500
626324
36746
263510
207904
606171
27619
662048
195534
548465
605602
665451
268359
462552
36544
64692
667018
402610
89263
113544
541953
641636
121447
648653
200307
379828
423470
442820
463912
130562
73122
672465
54736
109868
233825
655842
407092
654647
615740
602626
500962
210244
256979
460373
672797
686725
216117
328717
78238
305380
442261
620191
638068
254760
566695
136225
325640
681217
270097
87403
109629
343219
450920
164366
144140
375797
118058
551232
19346
424851
142760
211360
635095
399740
671733
296794
75367
185700
625512
153605
182132
56675
71647
118050
311436
329394
647477
637076
308461
215424
415531
418090
558644
557503
273508
393836
231151
82619
242918
643699
507470
385678
152910
440415
476470
515695
35060
551838
701396
660572
396495
574580
408299
468142
692631
410787
488588
329010
36766
94899
544435
452297
204042
91981
700853
168602
485817
623056
251221
419787
564605
56541
103315
15365
496957
270838
531061
532017
513728
221359
181491
208073
93789
280842
367268
477472
691630
153706
497535
26246
641808
339820
169595
536902
431801
168298
3354
608670
89204
254576
326307
344862
311117
429622
360227
499126
391512
582340
20045
203090
494751
594738
102216
279593
173431
469484
54915
162911
314242
552450
189157
647102
583322
49804
481854
4025
218103
485209
612695
700509
430837
236852
343221
39804
357527
394501
229983
440091
667893
250028
643182
460495
142617
436450
37938
316048
203784
486055
170011
209078
27408
50220
154031
610730
100024
326937
614756
9179
109996
216353
7539
231885
144258
41812
271690
501785
127365
192725
239726
93109
442753
573960
553604
276422
308260
591542
592470
203096
375447
453533
103227
402855
503753
257258
2488
603778
584195
308296
304009
385244
524649
311548
617129
668907
44413
579871
159594
171778
70446
90373
658089
204252
664333
509543
480674
663646
89987
62047
557794
156487
515580
661021
250394
317184
216129
252882
612014
491377
561178
213873
567673
74730
216474
173704
434689
260887
51426
594284
123717
515074
684657
79657
17176
337892
280252
188903
692590
370240
250950
548235
526727
64380
507106
74971
72616
414288
18906
684630
596717
271136
589556
462240
36918
103880
635944
471608
55819
378422
54794
572738
191347
430503
652395
601725
459447
623700
88478
449888
684992
30480
295973
509569
488063
494131
275592
560679
206269
687700
543160
100836
649889
430566
254128
686807
225498
187923
456265
281317
257397
202111
151905
139796
632614
495353
39372
389912
107955
521052
137650
90797
242585
124675
291418
28498
618806
258062
589177
516128
243613
121239
308016
191352
242857
562145
569211
468355
441120
323327
440724
698517
216490
283682
136164
146955
470087
568738
536867
578042
78692
365569
359891
321277
181296
651309
349775
97952
600423
630005
305132
141886
49094
613149
24290
685154
473144
593502
451359
212114
607881
583136
601683
122221
557870
35697
662378
325807
295487
188147
594901
374180
244768
645844
695457
426064
595003
34135
215069
493276
664140
520201
326215
404286
122252
41557
387290
595396
326111
529702
498562
625044
410688
398096
438318
659610
124845
398546
676469
420333
277746
569220
485565
522514
203966
478872
246429
96819
204059
461498
281147
559251
672751
298414
261388
92854
339972
648678
379302
357135
167282
175715
280030
269022
264863
16198
226482
80760
105796
200801
192145
383542
461073
677710
203907
665039
145485
450336
452910
349544
602886
425110
206646
264539
21374
159086
357393
52398
498816
427748
409534
666099
603463
380616
232971
559378
396814
150506
640138
502610
351307
130134
577205
503433
105694
78962
466322
644381
220350
610285
291776
514288
333245
189474
76677
45671
348560
125123
98070
145226
243923
198656
109175
145236
579272
33199
395666
667138
183705
24706
158650
226064
548042
33705
27347
344789
505869
184722
287020
417271
92857
578796
229409
117154
66120
699289
162825
105732
515464
654097
250959
57237
543805
360134
595675
111979
393333
682393
76967
268090
4949
628820
494155
552992
662525
521502
588833
157297
397276
173703
574568
490133
443552
495030
298339
200724
492169
152217
306457
698685
104164
557416
53772
339022
608602
340499
451001
692988
320742
219021
258928
325691
145691
444135
569735
499268
263488
456418
656565
660764
630122
220036
139800
62576
12916
129191
263300
196137
281408
569757
192672
76625
116075
246444
415647
22528
586943
557700
13366
205535
74571
665496
222278
220262
407482
89864
17381
362022
237334
364998
11688
558508
585034
544690
621084
289002
673882
182235
485139
646342
443044
677811
20817
559120
615307
127516
581648
191152
685217
286066
87739
450840
642614
310018
671103
347946
90934
379536
401020
328268
435586
412709
184627
9523
648451
496763
298525
620183
678998
81515
564376
419893
57176
276245
276863
672484
94814
549563
554688
77881
133479
642428
528721
467145
250296
188726
506144
341230
259314
205014
360550
385953
308775
236229
395476
255077
30843
385053
566312
400893
466568
119590
118636
214797
395836
86551
578333
490650
636114
430871
259583
460645
371149
479356
618843
621445
359135
422837
653727
309501
627851
3180
695454
627679
632611
79832
573808
663454
464886
437970
53250
229304
557561
171886
135153
644449
651640
11336
124001
276656
442208
74636
428354
504409
245044
345047
114757
604179
65734
459536
604733
384637
462716
289089
1218
393178
368922
575026
45534
131658
310847
98784
52014
559460
663873
580370
192811
304415
591706
7864
581071
22816
475702
700477
527226
18596
34426
333035
313828
493362
90421
216411
175850
244190
196552
570270
328420
565474
443147
373954
388184
445046
163791
131251
302356
518716
9471
186219
120981
292229
194083
393104
315046
669785
391432
533324
379433
425858
164209
693261
217071
647832
600724
83973
189872
95127
654243
518292
351653
86292
190097
37688
531338
44940
562141
131544
563656
571612
8815
375689
161691
202898
66643
167789
563735
149127
392165
241019
574986
247426
625332
483109
193109
523907
258134
382981
310086
210227
592326
661739
689722
473475
699427
518910
518415
559418
341507
70973
119932
350322
446662
674826
244273
204357
533667
105858
353485
223683
37929
619523
162161
354314
400482
355270
176071
658616
429304
177209
559895
319480
136798
547467
90805
527278
364228
300272
75598
396787
371245
195531
44959
508959
561409
682434
11166
392926
479345
364651
616609
517274
282024
76621
169438
682506
122943
36561
330024
243299
213770
580972
562779
41621
117341
344636
568899
172621
644908
644497
569408
5055
531080
614368
514014
390339
594652
525181
81116
371847
187682
388777
580174
160759
156450
440664
534317
672596
168278
162192
213745
73100
434216
74375
114721
551557
110063
374672
22029
446024
317020
591437
451079
539152
194707
656146
227342
480412
479177
308458
150109
357911
388287
421335
518670
544738
553052
41890
515184
19180
204082
26779
92280
329350
494356
600204
178757
295472
272726
200786
39346
280798
90074
181477
117801
284781
135473
36195
63043
614650
35705
606355
663614
423992
16592
171186
659782
569644
213076
163868
588824
108210
583850
372157
437560
376056
270211
616318
362580
233989
508156
401926
514788
598230
583404
323641
574064
16727
50888
328159
322430
86593
625566
677096
510585
642159
146132
159270
509653
50261
323138
87380
158471
204838
150589
287084
271947
420800
594454
634527
345841
400460
334304
551681
296541
608760
566374
561657
316539
617262
187666
638969
1705
504285
613915
203343
444294
451100
362613
644999
501361
376803
423431
659832
581642
574020
637968
544641
685872
530272
477018
20616
228583
502374
572297
216176
100036
436522
75683
416576
351634
656551
353395
44392
458686
658363
640937
594032
407313
301400
227934
206524
369255
342417
557408
641949
214288
493227
484440
591212
12401
259309
611828
240984
452735
173028
457160
552772
609550
223895
267198
652236
178297
311645
387680
328035
267858
326467
613120
366223
318919
532106
572747
688175
172373
119058
627974
77713
303337
410265
668926
315738
360626
269656
556723
504413
442684
2785
355035
41136
226681
313285
384425
96030
624931
69955
115117
583841
396423
26087
247915
406394
249245
118512
392419
421619
630772
9296
499332
231959
110613
157160
547698
471239
426817
93323
273502
560553
96108
319590
601690
322789
632875
677167
418819
555656
44972
533937
437348
132447
251076
376315
229894
500322
494827
622313
612993
114502
322661
410175
346461
433274
258388
585211
202363
376257
678534
166918
627862
72493
177560
218454
86334
108285
193471
196206
354994
631646
27993
483394
61943
672271
157559
685039
161495
343438
605203
72338
457940
225714
173566
495454
350041
431954
378515
552404
499263
354900
410374
424975
118445
587934
643430
204779
387272
134751
400985
40116
64247
120030
214562
519393
483354
372121
502282
644849
406611
96387
15038
162402
13154
581806
348908
363195
2662
25273
606651
501925
71225
5928
617952
189670
284914
559232
394450
672186
385036
486487
403354
140335
606518
617916
350780
387722
681089
544115
21473
385551
331554
429713
239005
344708
309369
587913
398955
312031
304238
696659
505008
375464
393639
111863
565134
678553
671095
650636
648590
45033
434974
40846
578571
30394
658763
227201
109168
328754
462368
523843
12155
91773
251407
644362
127533
251828
221177
217541
254912
525416
212050
57770
198730
605689
169633
454916
273144
531781
94455
219584
267866
529429
260431
144287
250875
610246
62541
51095
236850
524909
574938
642208
616682
124195
275472
42066
376024
496650
259607
630936
10968
162709
379758
602900
459450
240444
355666
30444
463277
141173
643231
28993
670602
594714
173281
612529
193862
235822
663624
430712
58581
536413
61822
366316
660608
337295
99434
25534
524997
50093
347522
535965
212802
25131
436715
363304
658777
483433
393748
419904
624607
25881
448897
284111
620595
313230
194491
505509
240104
549167
234072
691888
383430
689096
356054
32941
15293
146540
451677
540290
196633
97050
374105
100487
515383
501872
463791
472010
676358
548591
582966
289867
265525
20765
265030
577172
333996
150573
380532
574100
699741
305656
254890
72073
292602
301996
105014
307896
448536
247744
146036
645169
344794
211194
43506
551229
404118
198349
321089
69378
437993
201905
359245
1368
222670
315328
269592
247718
465901
650124
512871
463492
253630
65611
226618
546233
367608
22684
545181
113994
270428
691217
450216
615222
593463
184774
155353
688634
74176
476442
55862
203221
369399
106160
597791
283122
421488
165233
221892
185239
113208
32613
339784
366838
491427
257454
604123
550087
280138
447154
355133
550567
127274
496401
154691
411789
681176
310045
398273
446404
477539
454136
649625
537991
560296
545266
118963
672836
8349
31907
549127
121557
457723
186761
179448
247000
444215
81421
488139
415406
219628
141122
263823
37954
328576
109566
449743
307602
419611
145867
51856
588203
600003
701481
424044
149201
544597
234059
513089
243998
265966
360066
365556
21539
237880
236056
661741
373147
8529
138782
86403
228157
673107
41278
266111
299533
150845
13705
298187
261508
552774
350043
147561
141679
40426
571605
290880
276075
496716
495021
520073
60533
152937
576681
475274
81869
110587
125918
455017
119117
657902
232472
347274
628859
273751
304438
226242
115648
9195
524429
377156
561969
565524
524718
1498
297002
85225
685580
573077
581942
478451
391001
333527
322440
658734
499853
404310
67172
316823
550379
186289
272576
80701
224615
199285
45504
220105
116580
161152
229300
332061
538309
89119
588638
51929
90617
183490
530356
467249
54418
101200
243550
136471
434727
565991
93055
625633
661353
553429
240306
509582
430770
512882
590283
346438
403220
635788
566543
210852
487992
486896
542913
324151
267067
429401
67132
357685
303944
597489
515986
358362
698689
57387
185885
122319
314430
672142
45802
273633
523422
679310
81065
645244
181095
362400
289532
275367
689240
547128
486219
475083
331874
18034
490286
598941
138488
557419
647678
442432
143810
461515
491846
533551
209954
677731
655870
524384
338775
392724
489069
160047
369885
570134
496344
242032
623586
83726
517399
610677
630854
301468
74662
653780
10554
256000
550572
149042
111269
187152
282526
648281
648667
72222
479683
156471
441005
124455
371907
77631
517180
158826
630880
578117
420012
425074
117999
341449
508801
326450
643178
128557
627918
408892
80188
329524
664892
321812
478567
467214
508964
58943
413345
146534
131166
584080
696207
263223
6386
365965
340854
214618
215843
269585
90585
635856
385711
601786
668357
585564
226086
300437
11972
545056
7179
485362
172430
672071
105024
342049
128187
305040
400993
232585
451574
223211
114515
445632
177486
514103
502649
518341
26571
16342
478978
510358
652198
162539
101046
309457
45954
18184
609894
451128
254292
617073
234340
426723
278047
30416
459824
97286
335456
158667
329871
84881
72930
135439
221565
250417
649542
22064
459810
367166
38406
629840
568576
381657
90229
360675
382166
529385
378859
289911
671565
633152
598036
203755
48777
567135
627373
508601
664422
260680
358321
292143
36613
122303
118634
258178
63772
459229
280242
214634
124245
9700
142324
383873
82409
625756
42398
464576
452991
112310
52337
422407
436514
341425
317214
485291
206411
242438
684944
168683
503118
341115
151878
230783
154471
270513
488961
218243
420794
460255
432878
545039
161007
575202
619964
243417
189860
353415
399045
642852
156777
142434
54161
593291
483859
371375
67484
381322
304865
50278
550005
499035
82446
392936
27668
236917
354501
516629
146212
73145
667936
270142
309236
126794
536397
620252
61263
24107
271517
460308
666959
428294
602742
412172
319435
75503
81398
77971
456826
77315
128250
697883
576351
210696
388669
604019
138665
434222
109551
678079
507367
75337
246072
507655
595333
80319
425758
656596
104426
697275
414754
462438
114472
6398
172460
124959
475104
647060
202931
229780
22226
331181
225513
598577
232929
305235
191498
62646
37307
301049
38575
235727
376387
284647
41232
269570
56018
466990
224017
553647
153168
329823
313935
267640
27274
177447
392599
502378
515560
286582
423210
228838
308815
339775
125265
232796
645010
7815
295442
373370
308865
25070
609097
685252
309717
341381
645874
56788
499424
560943
610435
652592
581819
222220
611284
609093
90719
694935
100373
606279
279368
523583
132967
588183
161208
651434
118830
497271
659250
414272
168491
265965
130394
468640
642269
131164
501073
585993
187952
298347
135839
96237
641991
15508
9509
551125
624601
493430
543911
416026
397560
121129
237459
221579
400364
89719
170864
519194
586990
521166
624519
446533
478183
52763
606225
418302
183927
405149
695347
62931
394548
129036
159168
334390
144544
561879
183365
460197
353160
418328
174073
48570
539457
411532
663351
237672
192304
132065
447918
77144
344283
370287
214730
120316
114103
118805
229670
691232
215006
222868
52014
609555
42956
604384
241795
187501
464114
116212
338750
115124
534541
512824
556896
62900
615408
518097
693774
105562
341215
439543
575909
685498
500882
481691
496867
306037
291548
24387
295120
506555
640457
347134
413960
683414
249368
346807
561967
404534
463019
198567
519658
688612
402443
65456
49363
315702
274606
40987
112316
615821
480530
379277
290221
672465
552020
84938
276352
141419
502528
571472
647974
440835
609658
50836
422099
156877
397643
281916
561411
551714
171536
69972
538177
573979
135428
587540
580733
101086
628527
384102
14757
97960
454431
698181
68275
304302
474171
344627
445721
274549
213950
82597
13235
514660
133433
126386
671537
531076
99355
221851
380640
270891
685025
609869
142720
511505
495259
414506
612592
112689
96458
318401
210649
550889
314432
278924
153041
479656
314603
289814
52055
219605
372411
458492
32116
505844
275931
394705
25822
375286
616556
97515
646177
290483
5234
479949
99839
191546
585507
10281
304235
681965
328682
514884
221757
334167
484860
374798
111673
490515
355665
556930
7971
25926
4325
433289
222823
280256
125844
248645
655542
433453
37212
290621
21786
435649
461622
514827
627195
344980
525108
229280
15847
544843
435216
237604
176860
611128
303455
681735
399493
659120
536515
98516
376098
231892
222857
598921
512148
39754
538619
156592
473207
575831
138265
186045
309330
599888
700873
234375
635920
523831
154707
342819
57576
589923
580424
627638
189953
574931
607223
280499
222953
132641
70067
599051
364533
292925
495823
174532
332679
332292
22176
496938
205973
160442
682983
206356
451382
372758
440731
76204
587642
286491
419023
645218
174264
690499
570707
55270
254332
475780
335769
477285
299473
96888
374187
664007
80865
167860
529591
413544
191204
551767
601534
397177
403261
582368
294585
545695
252976
33167
621899
531670
319658
29825
474739
184974
18174
343296
633446
665709
510128
660267
440844
500654
55006
112881
462511
135871
673943
683154
240468
162997
223823
139852
251227
627085
413272
545812
470630
357301
578979
81432
186821
589689
111257
661560
465716
522633
695908
397012
486192
194939
355130
224887
695593
410136
28820
147006
237059
614
521212
477527
163611
42885
617380
414838
361022
19554
258501
522705
376855
528532
604137
563677
107124
13244
214139
572840
226929
207898
267702
404174
93889
622832
629061
480534
21870
348933
627540
258930
349547
446602
427509
204211
180539
33791
619049
541562
53346
568602
362117
430201
394985
264104
684930
193161
670550
196920
63851
588531
95870
331553
290555
189759
645438
610668
670293
358360
257452
286735
308342
606999
424389
426904
502262
604928
460695
419162
444340
514041
678816
104307
635295
62703
59463
618075
255864
421065
506047
319715
307447
292969
342321
598002
482728
678811
506521
141923
335021
61823
119710
334416
359874
544099
59170
159987
137930
519865
270201
582270
22809
246867
377630
349156
623
128145
658283
256487
549211
462181
576203
154508
53000
609576
50360
226781
586237
247933
59756
612310
808
572669
244576
360683
105670
696948
211722
243600
205716
481923
516923
228525
419842
585605
577681
420465
11600
533814
368005
251863
687047
635260
97423
431100
542686
540986
348933
117825
86769
408689
27985
87578
279208
665764
139313
75931
351614
351035
319531
557330
524010
134304
83705
634904
410961
352438
353220
422562
577305
412277
365477
562202
345387
462901
291152
185923
301737
640085
303748
388506
37677
22785
167136
7937
379601
306449
83868
29066
348536
94452
586396
170396
621958
361154
103151
330770
11442
147423
444384
279799
559700
107711
139852
596139
570612
122056
79912
170199
453194
74712
249758
181923
97497
416894
583062
477099
21194
357983
197217
369730
452435
81463
231179
372243
133669
25382
863
538314
566007
445247
115963
114609
244011
649017
8598
112473
68924
88510
675875
213170
556424
223483
86145
653921
331429
669207
119922
43675
325040
317139
413406
468527
89655
335637
138621
223324
361019
532686
59488
618078
668986
568654
30537
210847
515521
39135
14372
275497
520847
690247
488667
375121
604782
265864
17944
234062
626124
531069
670939
249014
146058
382195
15392
628915
408884
547215
543292
460955
377751
293832
376883
344587
160336
407420
246486
675858
137607
260859
249205
658454
642158
428925
22477
235843
694789
40422
469905
309815
571491
129746
558830
408601
511942
265274
26419
611878
110339
569711
370684
179142
554595
45417
523730
12782
143890
461268
688640
281497
19977
628897
631004
662136
355672
344533
195829
39364
76007
356786
349179
647498
486532
599061
45002
689526
555387
464623
599255
665726
23236
660991
535921
577831
4258
48553
590613
148148
509821
268155
429646
529799
588105
49552
180837
634829
394085
67718
674193
470093
115556
12275
106493
293140
302388
544697
280517
155626
307170
570824
512404
330406
529665
37227
599290
224975
85780
178805
373124
595602
446961
493822
423251
332916
234426
295140
265595
628511
362858
630841
87506
169466
334168
194000
462606
327608
429749
434175
174286
34770
302849
377743
56228
523566
414970
346570
439594
500751
525376
110568
394203
663389
295442
508506
687357
220920
494698
644004
147281
548608
572695
627990
15924
597915
119840
478530
616576
549589
210556
88712
275411
204457
466455
22692
419076
572478
369262
156520
371079
585690
660290
456334
546929
253582
262690
532136
474502
55238
473991
312835
294898
35588
238675
310822
324556
49567
87202
238982
290209
690960
18746
565620
586470
485202
279364
303396
355530
339679
459916
417661
223219
418056
171845
67999
362690
125587
291187
528244
574027
63028
138929
166775
491819
68657
477597
114225
118224
255851
353207
408433
244662
63005
665106
128982
239259
635522
123430
285841
273051
583346
1352
496271
692454
173197
255322
352994
298784
546509
179088
170661
609538
9069
28488
90259
77726
506085
204484
589153
59787
248743
295436
697651
311748
651594
517685
551008
584967
641115
134699
155868
522311
529254
343191
512615
393503
598513
556661
692288
442873
33599
554001
41313
42668
582490
131572
513597
77477
27108
400600
137264
275851
387088
525967
278651
336533
341502
520711
612552
280467
655411
66270
493830
173567
100514
697497
567070
699027
552008
248260
130802
276659
100112
565317
10380
373654
696889
523977
142183
415049
615629
672650
690900
300567
496467
660604
328152
529022
479165
238554
500541
123478
698027
292222
297045
96391
680771
161966
486470
221682
410226
617273
189393
201390
480440
199773
266096
166232
414802
408280
581281
328281
378780
261084
319901
173097
219538
648053
393171
698703
577660
191563
120032
573537
174837
417077
669928
546660
579043
454248
66192
680322
60423
255586
179562
540864
146411
445659
398148
561214
151789
277279
580547
221621
538363
198298
85770
55751
537404
478942
445507
412914
670505
565539
284301
143192
673668
645281
689852
241614
88431
447097
219786
148855
393735
90400
380771
540146
536059
76769
399210
378900
354048
670810
600521
583464
166958
686292
330267
2212
154136
73624
106178
122491
330215
390479
658885
694936
24662
337639
234400
113094
475788
145238
261949
167373
235638
333772
5370
462750
410541
95632
532702
455641
64292
122126
28007
231251
499470
358275
626665
653606
431899
30694
73947
453167
112225
423884
445953
136888
452575
680353
249982
226214
516643
202983
393587
443333
536755
398957
597135
638348
494590
427688
82891
558882
549814
110899
481185
38186
469174
96753
691792
592125
127447
456791
343142
632874
178525
480147
67612
631100
149402
317594
155164
666045
211629
239804
98281
439436
638761
695416
375634
122253
420954
458526
372188
661820
260477
544425
700006
27501
641178
380700
310678
459677
135341
344873
390402
4918
122870
458014
636019
272273
466661
482235
629370
678290
413091
25501
415577
40755
18768
482263
163008
130774
631841
226248
483647
190168
68524
172555
610871
7552
553256
219400
467230
379649
564273
155482
384568
378195
304548
9489
341520
69059
182776
268741
438402
595868
687444
545031
636623
397264
325144
490683
528039
254836
14782
588
136056
476508
173143
44778
175112
417451
657380
642342
94951
210555
488876
479519
588750
484477
180060
228121
553536
362836
187914
289788
256554
566410
132669
584229
261525
148866
63815
480616
94754
78597
481204
230810
246157
345399
668790
421269
60701
624020
52514
155652
132425
232442
326223
412228
14769
506283
331401
568306
560171
210367
549146
507778
74627
372868
389857
27204
521734
453672
507820
307540
223321
680076
538350
469478
14378
504991
581800
75079
117913
634314
623933
643541
557808
641208
353619
572578
136393
685020
129786
696564
586439
678932
502192
661066
40702
189900
688271
253488
334624
184993
561028
248998
556122
397229
16326
570500
593272
289178
336631
402237
614544
258414
343628
470203
590674
388299
340631
24917
62221
470417
19331
648660
138251
521524
607577
572156
402476
284750
123494
428152
160795
684523
677150
407969
379602
384529
276319
663926
673707
304002
364013
586102
562416
398694
354155
141992
84843
385838
166909
147065
547307
186241
486777
376610
398817
392204
246616
99143
368006
370111
527295
219854
352484
193348
627823
423138
577877
201993
75966
549434
197047
131031
124438
57314
529725
169645
592508
305621
555483
57268
143738
91692
243509
630515
468303
642326
11622
405971
432521
70680
73932
650868
290534
117468
142066
216208
231658
17793
109253
307624
258280
306300
438656
382718
54666
659433
552364
647175
262904
96749
2293
406642
188442
639004
26060
347797
270232
37682
51618
393805
108362
518753
342523
398897
636221
175642
306157
