702150
466033
137986
43527
688765
153593
139735
181636
410142
391299
199321
63362
255577
471440
144559
236963
89626
200940
568476
58222
265336
599861
600068
501717
369579
135932
185630
671462
551323
105817
369085
542729
262902
507072
277308
642719
351717
417043
122206
452911
106192
12579
516273
52821
484019
351884
682987
264698
552824
240365
322920
509213
138076
614041
308780
507656
47823
185462
168020
599146
684481
537105
439725
245234
342027
408086
579005
384796
122979
392263
135557
622374
95895
342882
675195
579914
694767
347084
535664
236493
587450
549637
436758
23376
461528
43388
222084
200403
228851
390104
97399
211182
225060
228176
147468
258139
636262
417526
642936
450294
107639
469545
61570
203534
110278
427817
474501
496097
72752
701217
423642
660202
239756
158251
374630
392336
594841
596715
592739
514744
284669
381190
416979
200781
609367
564447
458921
234531
673025
90759
375877
471717
251356
437447
366303
52686
163115
531856
548783
629069
530924
663478
587121
461732
119579
652803
151919
12270
547368
42508
527015
523090
423699
635046
414923
21968
188395
564896
649701
159271
655655
323429
630988
598064
451928
295141
650750
615043
518050
497384
233014
346824
149764
511187
106406
269343
461841
651527
674815
307059
694036
190732
521201
106637
123628
233975
521807
312024
96721
469358
471295
443429
90637
91185
339343
233618
77378
287943
146511
595428
476379
379526
633304
626143
188563
430763
586538
341456
380140
559204
339568
63078
440988
158619
562917
564617
83646
382574
567693
573570
149783
27890
314849
633622
119075
345244
165090
589655
324239
2654
173986
98469
73232
498342
415664
654997
620157
693255
294304
298148
241361
633872
52278
682349
483543
615196
235868
567190
688822
101411
438610
136455
129301
444511
461130
641578
87605
626220
220136
411844
319926
394122
201365
393158
583516
308082
37058
501524
299187
331362
490724
231600
656286
543002
211799
437679
147100
447668
695921
133773
240131
432381
663430
369433
567944
422410
702063
655549
346481
220049
56296
357459
305223
650863
48468
186590
256795
85526
379166
247034
107940
167740
478634
62076
8592
381486
190807
548895
520206
184579
682668
58187
308012
643948
118672
567009
364209
118586
211460
401742
29687
267756
57051
25963
609672
498721
605755
557519
275299
282771
102404
383239
450511
272090
136367
150155
344628
18227
699050
162684
596008
370620
614074
595072
312419
30596
459931
367680
542384
671392
67272
572072
630200
517525
598035
537722
5149
501640
393092
280448
475463
186548
354740
223824
149690
182159
65031
494319
200386
61932
348055
94244
123604
259979
380369
436023
290576
138150
494755
130810
107392
253079
393934
35443
68455
683021
264217
73604
173563
348361
45104
649026
534909
399844
563902
375652
273056
628934
167821
473442
381918
206928
258739
505522
466908
639108
632598
448536
75108
425203
270398
575703
678283
664333
302198
437790
645204
257467
202446
116618
605829
247550
456696
438588
338447
318449
112090
611503
245233
673113
73847
318203
177892
332586
121575
335852
662746
445225
82238
428907
168279
352636
302460
537614
5871
295710
273254
342128
553177
475700
149798
456856
414302
606494
586497
50599
222793
389639
662102
159078
360603
33800
477281
229547
57438
289909
256451
18035
32984
338689
446942
594465
382377
440454
429929
388249
34014
394235
421429
278243
167785
571227
32950
582088
475571
310499
323739
389417
700138
283692
548495
49643
8544
14679
279190
65982
697790
535641
477219
421826
565382
222011
314142
245610
353517
435123
324911
387531
127209
44190
665775
688196
615417
389777
568134
79890
700276
189724
469307
698264
164468
6705
45758
173012
414586
16000
632196
410226
242694
407266
129902
499128
320329
135096
435790
673847
570220
58551
50280
388481
495943
407107
374527
100262
487936
633714
573355
486062
514490
340512
173229
370010
38269
612189
234074
452855
319241
164120
554133
252987
262438
375088
49966
273820
510184
485756
245517
69306
235360
688999
457787
422355
85009
523367
522618
572945
145983
393823
356858
660473
425387
221139
328333
463657
131178
562407
607564
141471
417579
150600
394459
680018
525688
444425
251688
24774
621233
188257
94081
154443
568308
242920
576799
653317
457339
88319
524113
603322
173194
572023
252697
598581
91012
272082
51140
615392
525541
349757
447915
240971
500357
140224
612041
14947
275701
554781
39721
587987
434090
527004
40280
300248
67775
308131
251416
216166
87502
466581
117339
260696
336454
61088
550330
118518
333171
601470
424962
156562
642279
170727
88585
440486
2004
700626
455433
670907
244309
186207
556744
678399
11061
288077
669700
78836
287260
612168
688205
374763
376599
103394
326511
404105
557684
174691
213675
188705
467214
329689
345268
407343
191468
124905
538882
193472
123382
685367
162230
58743
169424
410026
34993
180486
698103
2543
652524
283214
305763
638579
657977
682362
433025
282338
75369
288560
148082
289044
168317
615296
309785
204637
11541
501253
329543
550423
385778
452925
533641
239060
511668
394117
649086
237713
265655
645040
633458
216030
226104
237071
545661
575133
610485
669739
548523
685854
649351
696605
665950
115518
300803
273585
320156
312345
72689
649699
553820
458467
91526
76363
697527
294246
470481
335515
531960
33986
278405
154320
643218
195561
391392
177782
461746
692929
145371
308120
676634
92572
695777
640434
208090
687633
605072
219298
691030
368813
166847
542700
125130
258373
619064
513709
243672
78447
147074
73482
505635
116532
621004
446704
312093
1298
624486
71690
694228
460909
70862
668712
244533
457691
298048
452623
443174
594172
671922
432054
260835
529821
665807
385965
479247
582721
590726
20769
661168
35651
487453
464653
152183
406307
602409
155328
407606
215797
620220
399684
367758
382134
57298
612291
137676
46398
362765
271902
640571
23589
395009
199256
553410
358666
276274
21559
632439
164850
42328
282509
593703
529781
438214
436938
233939
29526
592267
332597
245323
510337
30131
613082
190322
480631
214275
19050
527029
577040
684154
465450
291681
377013
664707
536144
426731
238831
557703
357020
94733
600032
330581
688437
118715
66646
423225
352654
96172
313342
685251
32547
514732
406434
336681
396106
184915
550957
106208
9795
116899
88212
166297
99633
465226
128854
635777
583009
58737
182382
631082
153471
473466
259513
532960
592182
17211
254035
242686
506585
258430
618990
539133
464214
14326
566866
158170
199242
106725
264378
602239
223625
352590
66386
14310
508868
588443
650087
389728
338232
523521
318660
182755
294838
269225
13565
184870
286437
660803
118608
90872
217083
428650
321057
681297
442977
578976
530519
333271
685701
485949
233360
600378
136389
692948
614688
336310
270293
253677
417090
608526
75049
426802
89131
369887
696027
495899
554757
673516
454552
364417
455441
671635
90918
74348
341834
533895
344376
563405
165016
327928
347204
89428
619358
483593
473428
531897
510955
41572
83424
225895
341150
551675
652697
121333
219412
337627
617232
465221
308993
369634
127489
62284
30171
611609
529835
63057
443354
172061
626462
299422
191041
271516
79902
108250
446162
244382
331199
254967
285954
414623
171915
